smi1,conc1,smi2,conc2,smi3,conc3,smi4,conc4,smi5,conc5,smi6,conc6,smi7,conc7,vesicles_formation
CCCCCCCCCC(=O)O,0.059482155353389826,CCCCCCCCCC(=O)[O-],0.11196641007696909,CCCCCCCCCCN,0.16969909027290625,CCCCCCCCCC[N+](C)(C)C.[Br-],0.26067179846044364,CCCCCCCCCCOS(=O)(=O)[O-].[Na+],0.30440867739675964,CCCCCCCCCCO,0.03883834849544865,CCCCCCCCCC(=O)OCC(CO)O,0.05493351994401296,22
CCCCCCCCCC(=O)O,0.3757130320315516,CCCCCCCCCC(=O)[O-],0.09927599824483335,CCCCCCCCCCN,0.021061869240892806,CCCCCCCCCC[N+](C)(C)C.[Br-],0.20568231680559393,CCCCCCCCCCOS(=O)(=O)[O-].[Na+],0.260530934620419,CCCCCCCCCCO,0.025340061430449163,CCCCCCCCCC(=O)OCC(CO)O,0.012395787626150451,9
CCCCCCCCCC(=O)O,0.14195838038392375,CCCCCCCCCC(=O)[O-],0.06613969995160084,CCCCCCCCCCN,0.17099532182608995,CCCCCCCCCC[N+](C)(C)C.[Br-],0.32101951927728206,CCCCCCCCCCOS(=O)(=O)[O-].[Na+],0.2742377802871254,CCCCCCCCCCO,0.011130827552830378,CCCCCCCCCC(=O)OCC(CO)O,0.014518470721083103,6
CCCCCCCCCC(=O)O,0.26978751907116666,CCCCCCCCCC(=O)[O-],0.37026011238042866,CCCCCCCCCCN,0.03460722658430137,CCCCCCCCCC[N+](C)(C)C.[Br-],0.005507386596211394,CCCCCCCCCCOS(=O)(=O)[O-].[Na+],0.25118148327315515,CCCCCCCCCCO,0.059725374911616884,CCCCCCCCCC(=O)OCC(CO)O,0.00893089718304551,2
CCCCCCCCCC(=O)O,0.15405920027694972,CCCCCCCCCC(=O)[O-],0.2232992902890619,CCCCCCCCCCN,0.3011943915526881,CCCCCCCCCC[N+](C)(C)C.[Br-],0.09866712826725992,CCCCCCCCCCOS(=O)(=O)[O-].[Na+],0.1211701575211964,CCCCCCCCCCO,0.0773758005885354,CCCCCCCCCC(=O)OCC(CO)O,0.024234031504239265,36
CCCCCCCCCC(=O)O,0.02569358237824268,CCCCCCCCCC(=O)[O-],0.23095354946735006,CCCCCCCCCCN,0.19198013799473468,CCCCCCCCCC[N+](C)(C)C.[Br-],0.26415312220328163,CCCCCCCCCCOS(=O)(=O)[O-].[Na+],0.22662317041483718,CCCCCCCCCCO,0.050665434914399905,CCCCCCCCCC(=O)OCC(CO)O,0.009931002627096045,40
CCCCCCCCCC(=O)O,0.26721014492752015,CCCCCCCCCC(=O)[O-],0.2913647342994994,CCCCCCCCCCN,0.19927536231882856,CCCCCCCCCC[N+](C)(C)C.[Br-],0.10869565217390653,CCCCCCCCCCOS(=O)(=O)[O-].[Na+],0.04981884057970714,CCCCCCCCCCO,0.03260869565217195,CCCCCCCCCC(=O)OCC(CO)O,0.05102657004830611,22
CCCCCCCCCC(=O)O,0.21124471888201649,CCCCCCCCCC(=O)[O-],0.21124471888201649,CCCCCCCCCCN,0.04062398440038779,CCCCCCCCCC[N+](C)(C)C.[Br-],0.25593110172244304,CCCCCCCCCCOS(=O)(=O)[O-].[Na+],0.2505145704690581,CCCCCCCCCCO,0.016087097822553558,CCCCCCCCCC(=O)OCC(CO)O,0.014353807821470346,39
CCCCCCCCCC(=O)O,0.11337711717938291,CCCCCCCCCC(=O)[O-],0.04286208088488864,CCCCCCCCCCN,0.07881092291737592,CCCCCCCCCC[N+](C)(C)C.[Br-],0.011752506049082359,CCCCCCCCCCOS(=O)(=O)[O-].[Na+],0.5081230556515026,CCCCCCCCCCO,0.17317663325265498,CCCCCCCCCC(=O)OCC(CO)O,0.07189768406497452,9
CCCCCCCCCC(=O)O,0.03376848000658619,CCCCCCCCCC(=O)[O-],0.24090927809576734,CCCCCCCCCCN,0.0778322283078633,CCCCCCCCCC[N+](C)(C)C.[Br-],0.1997282049170037,CCCCCCCCCCOS(=O)(=O)[O-].[Na+],0.40563357081082196,CCCCCCCCCCO,0.011242432977802459,CCCCCCCCCC(=O)OCC(CO)O,0.030885804884072728,30
CCCCCCCCCC(=O)O,0.08780966396859574,CCCCCCCCCC(=O)[O-],0.0740740740740668,CCCCCCCCCCN,0.40470934510665646,CCCCCCCCCC[N+](C)(C)C.[Br-],0.06279126808927515,CCCCCCCCCCOS(=O)(=O)[O-].[Na+],0.19622271277898495,CCCCCCCCCCO,0.10375275938188827,CCCCCCCCCC(=O)OCC(CO)O,0.07064017660043458,8
CCCCCCCCCC(=O)O,0.2237001209189708,CCCCCCCCCC(=O)[O-],0.22521160822247735,CCCCCCCCCCN,0.08917775090688701,CCCCCCCCCC[N+](C)(C)C.[Br-],0.29927448609429874,CCCCCCCCCCOS(=O)(=O)[O-].[Na+],0.07708585247883452,CCCCCCCCCCO,0.028113663845222,CCCCCCCCCC(=O)OCC(CO)O,0.05743651753324926,40
CCCCCCCCCC(=O)O,0.15051740357477417,CCCCCCCCCC(=O)[O-],0.3715898400752237,CCCCCCCCCCN,0.15286923800563001,CCCCCCCCCC[N+](C)(C)C.[Br-],0.021636876763873776,CCCCCCCCCCOS(=O)(=O)[O-].[Na+],0.18109125117590016,CCCCCCCCCCO,0.04797742238945926,CCCCCCCCCC(=O)OCC(CO)O,0.07431796801504476,26
CCCCCCCCCC(=O)O,0.16604892512971586,CCCCCCCCCC(=O)[O-],0.21497405485543575,CCCCCCCCCCN,0.18977020014824678,CCCCCCCCCC[N+](C)(C)C.[Br-],0.133432171979236,CCCCCCCCCCOS(=O)(=O)[O-].[Na+],0.23573017049665024,CCCCCCCCCCO,0.027131208302444653,CCCCCCCCCC(=O)OCC(CO)O,0.032913269088211544,36
CCCCCCCCCC(=O)O,0.01391330366159151,CCCCCCCCCC(=O)[O-],0.34409245614688677,CCCCCCCCCCN,0.15147548341248823,CCCCCCCCCC[N+](C)(C)C.[Br-],0.19261697273439857,CCCCCCCCCCOS(=O)(=O)[O-].[Na+],0.21505778509180426,CCCCCCCCCCO,0.052174888730968164,CCCCCCCCCC(=O)OCC(CO)O,0.030669110221787733,31
CCCCCCCCCC(=O)O,0.30680822051230106,CCCCCCCCCC(=O)[O-],0.07629622414856164,CCCCCCCCCCN,0.0022726534852763047,CCCCCCCCCC[N+](C)(C)C.[Br-],0.22077205285541243,CCCCCCCCCCOS(=O)(=O)[O-].[Na+],0.290574981331756,CCCCCCCCCCO,0.09399045485535573,CCCCCCCCCC(=O)OCC(CO)O,0.009285412811271744,35
CCCCCCCCCC(=O)O,0.2042293573238093,CCCCCCCCCC(=O)[O-],0.25205521948191667,CCCCCCCCCCN,0.24042190165967423,CCCCCCCCCC[N+](C)(C)C.[Br-],0.009875394240214571,CCCCCCCCCCOS(=O)(=O)[O-].[Na+],0.2042293573238093,CCCCCCCCCCO,0.07212657049790229,CCCCCCCCCC(=O)OCC(CO)O,0.017062199472622046,18
CCCCCCCCCC(=O)O,0.08009063916236285,CCCCCCCCCC(=O)[O-],0.20120331301764327,CCCCCCCCCCN,0.2871542428504229,CCCCCCCCCC[N+](C)(C)C.[Br-],0.26566651039222805,CCCCCCCCCCOS(=O)(=O)[O-].[Na+],0.0037505860290667405,CCCCCCCCCCO,0.10548523206750231,CCCCCCCCCC(=O)OCC(CO)O,0.05664947648069568,0
CCCCCCCCCC(=O)O,0.3255715195696564,CCCCCCCCCC(=O)[O-],0.13270578243328388,CCCCCCCCCCN,0.27248920659634274,CCCCCCCCCC[N+](C)(C)C.[Br-],0.04918961002193721,CCCCCCCCCCOS(=O)(=O)[O-].[Na+],0.20702102059592284,CCCCCCCCCCO,0.005732889801117857,CCCCCCCCCC(=O)OCC(CO)O,0.007289970981668387,30
CCCCCCCCCC(=O)O,0.041800824718969454,CCCCCCCCCC(=O)[O-],0.011749421002088702,CCCCCCCCCCN,0.2541942043721116,CCCCCCCCCC[N+](C)(C)C.[Br-],0.1694628029147411,CCCCCCCCCCOS(=O)(=O)[O-].[Na+],0.32197932553800807,CCCCCCCCCCO,0.16353160481272513,CCCCCCCCCC(=O)OCC(CO)O,0.03728181664124304,12
CCCCCCCCCC(=O)O,0.18451749734887088,CCCCCCCCCC(=O)[O-],0.10816542948037258,CCCCCCCCCCN,0.2863202545068686,CCCCCCCCCC[N+](C)(C)C.[Br-],0.0008483563096499725,CCCCCCCCCCOS(=O)(=O)[O-].[Na+],0.3096500530222431,CCCCCCCCCCO,0.07317073170731087,CCCCCCCCCC(=O)OCC(CO)O,0.03732767762459916,8
CCCCCCCCCC(=O)O,0.1543754410726752,CCCCCCCCCC(=O)[O-],0.05160550458715141,CCCCCCCCCCN,0.2006880733944777,CCCCCCCCCC[N+](C)(C)C.[Br-],0.33300988002819926,CCCCCCCCCCOS(=O)(=O)[O-].[Na+],0.22274170783343128,CCCCCCCCCCO,0.0031757233592093087,CCCCCCCCCC(=O)OCC(CO)O,0.034403669724767605,14
CCCCCCCCCC(=O)O,0.09565288179745232,CCCCCCCCCC(=O)[O-],0.23811462064472172,CCCCCCCCCCN,0.3073103223705383,CCCCCCCCCC[N+](C)(C)C.[Br-],0.19944643438617718,CCCCCCCCCCOS(=O)(=O)[O-].[Na+],0.1241452295669062,CCCCCCCCCCO,0.016606968414195976,CCCCCCCCCC(=O)OCC(CO)O,0.018723542819926827,22
CCCCCCCCCC(=O)O,0.18231665524330734,CCCCCCCCCC(=O)[O-],0.18231665524330734,CCCCCCCCCCN,0.2111034955448821,CCCCCCCCCC[N+](C)(C)C.[Br-],0.10966415352980896,CCCCCCCCCCOS(=O)(=O)[O-].[Na+],0.20424948594926914,CCCCCCCCCCO,0.07936943111719921,CCCCCCCCCC(=O)OCC(CO)O,0.03098012337217102,36
CCCCCCCCCC(=O)O,0.25813221406083875,CCCCCCCCCC(=O)[O-],0.1909758656872872,CCCCCCCCCCN,0.01762854144805728,CCCCCCCCCC[N+](C)(C)C.[Br-],0.388247639034595,CCCCCCCCCCOS(=O)(=O)[O-].[Na+],0.01888772298006136,CCCCCCCCCCO,0.11269674711436618,CCCCCCCCCC(=O)OCC(CO)O,0.013431269674710299,7
CCCCCCCCCC(=O)O,0.10509414683987128,CCCCCCCCCC(=O)[O-],0.2773317763829936,CCCCCCCCCCN,0.09779594219821355,CCCCCCCCCC[N+](C)(C)C.[Br-],0.17953583418478009,CCCCCCCCCCOS(=O)(=O)[O-].[Na+],0.2466793168880312,CCCCCCCCCCO,0.05035761202743831,CCCCCCCCCC(=O)OCC(CO)O,0.04320537147861374,26
CCCCCCCCCC(=O)O,0.12026786934535356,CCCCCCCCCC(=O)[O-],0.23370233702335744,CCCCCCCCCCN,0.1708350416837409,CCCCCCCCCC[N+](C)(C)C.[Br-],0.2542025420254063,CCCCCCCCCCOS(=O)(=O)[O-].[Na+],0.1626349596829213,CCCCCCCCCCO,0.036490364903647036,CCCCCCCCCC(=O)OCC(CO)O,0.021866885335518824,26
CCCCCCCCCC(=O)O,0.13902857480918904,CCCCCCCCCC(=O)[O-],0.3017215878837719,CCCCCCCCCCN,0.0757262024492604,CCCCCCCCCC[N+](C)(C)C.[Br-],0.15381884872506021,CCCCCCCCCCOS(=O)(=O)[O-].[Na+],0.23960243743711304,CCCCCCCCCCO,0.010826480506417675,CCCCCCCCCC(=O)OCC(CO)O,0.0792758681890695,16
CCCCCCCCCC(=O)O,0.009944947611435983,CCCCCCCCCC(=O)[O-],0.24684780678385748,CCCCCCCCCCN,0.10477712662048624,CCCCCCCCCC[N+](C)(C)C.[Br-],0.2947966613389952,CCCCCCCCCCOS(=O)(=O)[O-].[Na+],0.23974427277568885,CCCCCCCCCCO,0.07405434203515722,CCCCCCCCCC(=O)OCC(CO)O,0.029834842834307936,32
CCCCCCCCCC(=O)O,0.16748366013070987,CCCCCCCCCC(=O)[O-],0.25054466230935457,CCCCCCCCCCN,0.22467320261436693,CCCCCCCCCC[N+](C)(C)C.[Br-],0.11710239651415483,CCCCCCCCCCOS(=O)(=O)[O-].[Na+],0.13480392156862017,CCCCCCCCCCO,0.08006535947711986,CCCCCCCCCC(=O)OCC(CO)O,0.025326797385619534,38
CCCCCCCCCC(=O)O,0.15826330532212,CCCCCCCCCC(=O)[O-],0.16806722689074688,CCCCCCCCCCN,0.18347338935573204,CCCCCCCCCC[N+](C)(C)C.[Br-],0.21568627450979175,CCCCCCCCCCOS(=O)(=O)[O-].[Na+],0.2142857142857023,CCCCCCCCCCO,0.044537815126047924,CCCCCCCCCC(=O)OCC(CO)O,0.015686274509803044,30
CCCCCCCCCC(=O)O,0.42512077294680517,CCCCCCCCCC(=O)[O-],0.10305958132043762,CCCCCCCCCCN,0.28019323671493973,CCCCCCCCCC[N+](C)(C)C.[Br-],0.02576489533010939,CCCCCCCCCCOS(=O)(=O)[O-].[Na+],0.07149758454105361,CCCCCCCCCCO,0.055072463768108836,CCCCCCCCCC(=O)OCC(CO)O,0.03929146537841682,14
CCCCCCCCCC(=O)O,0.29613259668505676,CCCCCCCCCC(=O)[O-],0.1657458563535765,CCCCCCCCCCN,0.024751381215467428,CCCCCCCCCC[N+](C)(C)C.[Br-],0.08088397790054534,CCCCCCCCCCOS(=O)(=O)[O-].[Na+],0.35138121546958223,CCCCCCCCCCO,0.04441988950275849,CCCCCCCCCC(=O)OCC(CO)O,0.03668508287292493,18
CCCCCCCCCC(=O)O,0.1079258010117971,CCCCCCCCCC(=O)[O-],0.20573355817873823,CCCCCCCCCCN,0.3102866779089166,CCCCCCCCCC[N+](C)(C)C.[Br-],0.2462057335581621,CCCCCCCCCCOS(=O)(=O)[O-].[Na+],0.03440134907251032,CCCCCCCCCCO,0.07082630691399185,CCCCCCCCCC(=O)OCC(CO)O,0.024620573355816206,6
CCCCCCCCCC(=O)O,0.3395282344531566,CCCCCCCCCC(=O)[O-],0.04074338813437879,CCCCCCCCCCN,0.15725518227304097,CCCCCCCCCC[N+](C)(C)C.[Br-],0.04074338813437879,CCCCCCCCCCOS(=O)(=O)[O-].[Na+],0.3538241601143421,CCCCCCCCCCO,0.019299499642600474,CCCCCCCCCC(=O)OCC(CO)O,0.048606147248030855,22
CCCCCCCCCC(=O)O,0.188231572287239,CCCCCCCCCC(=O)[O-],0.07908889591900797,CCCCCCCCCCN,0.1803226826953382,CCCCCCCCCC[N+](C)(C)C.[Br-],0.17874090477695803,CCCCCCCCCCOS(=O)(=O)[O-].[Na+],0.30053780449223033,CCCCCCCCCCO,0.04080987029420811,CCCCCCCCCC(=O)OCC(CO)O,0.032268269534955256,41
CCCCCCCCCC(=O)O,0.14606085119768583,CCCCCCCCCC(=O)[O-],0.2426857219900011,CCCCCCCCCCN,0.13033122106870426,CCCCCCCCCC[N+](C)(C)C.[Br-],0.06561502853803733,CCCCCCCCCCOS(=O)(=O)[O-].[Na+],0.3595344029481498,CCCCCCCCCCO,0.022515841984627867,CCCCCCCCCC(=O)OCC(CO)O,0.033256932272703835,14
CCCCCCCCCC(=O)O,0.32074126870987474,CCCCCCCCCC(=O)[O-],0.023419203747070204,CCCCCCCCCCN,0.41492719682309187,CCCCCCCCCC[N+](C)(C)C.[Br-],0.12727828123407725,CCCCCCCCCCOS(=O)(=O)[O-].[Na+],0.08705834436410884,CCCCCCCCCCO,0.014662457998165691,CCCCCCCCCC(=O)OCC(CO)O,0.01191324712350961,5
CCCCCCCCCC(=O)O,0.30489052588497606,CCCCCCCCCC(=O)[O-],0.06015960712092815,CCCCCCCCCCN,0.1943932883159243,CCCCCCCCCC[N+](C)(C)C.[Br-],0.030693677102514357,CCCCCCCCCCOS(=O)(=O)[O-].[Na+],0.33149171270715516,CCCCCCCCCCO,0.03253529772866523,CCCCCCCCCC(=O)OCC(CO)O,0.04583589113975479,28
CCCCCCCCCC(=O)O,0.059281645937459077,CCCCCCCCCC(=O)[O-],0.12592506489983138,CCCCCCCCCCN,0.12398775620906474,CCCCCCCCCC[N+](C)(C)C.[Br-],0.33709171219339473,CCCCCCCCCCOS(=O)(=O)[O-].[Na+],0.28284706885192895,CCCCCCCCCCO,0.02127164942461767,CCCCCCCCCC(=O)OCC(CO)O,0.04959510248362589,4
CCCCCCCCCC(=O)O,0.28514180024659164,CCCCCCCCCC(=O)[O-],0.26972872996299196,CCCCCCCCCCN,0.21115906288531372,CCCCCCCCCC[N+](C)(C)C.[Br-],0.08631319358815742,CCCCCCCCCCOS(=O)(=O)[O-].[Na+],0.04932182490751854,CCCCCCCCCCO,0.05918618988902224,CCCCCCCCCC(=O)OCC(CO)O,0.03914919852034284,20
CCCCCCCCCC(=O)O,0.027900406145150766,CCCCCCCCCC(=O)[O-],0.14656542468655154,CCCCCCCCCCN,0.28959915239270423,CCCCCCCCCC[N+](C)(C)C.[Br-],0.105950909411965,CCCCCCCCCCOS(=O)(=O)[O-].[Na+],0.33551121313788906,CCCCCCCCCCO,0.027017481900051068,CCCCCCCCCC(=O)OCC(CO)O,0.06745541232561769,42
CCCCCCCCCC(=O)O,0.19771071800206058,CCCCCCCCCC(=O)[O-],0.06867845993755789,CCCCCCCCCCN,0.372008324661772,CCCCCCCCCC[N+](C)(C)C.[Br-],0.06711758584806793,CCCCCCCCCCOS(=O)(=O)[O-].[Na+],0.1795005202913445,CCCCCCCCCCO,0.056191467221638265,CCCCCCCCCC(=O)OCC(CO)O,0.058792924037454855,10
CCCCCCCCCC(=O)O,0.29240862230550757,CCCCCCCCCC(=O)[O-],0.3355201499531144,CCCCCCCCCCN,0.11433926897843563,CCCCCCCCCC[N+](C)(C)C.[Br-],0.08434864104966563,CCCCCCCCCCOS(=O)(=O)[O-].[Na+],0.08622305529521376,CCCCCCCCCCO,0.04329896907216169,CCCCCCCCCC(=O)OCC(CO)O,0.04386129334582613,16
CCCCCCCCCC(=O)O,0.09561304836894671,CCCCCCCCCC(=O)[O-],0.05849268841394387,CCCCCCCCCCN,0.3487064116985115,CCCCCCCCCC[N+](C)(C)C.[Br-],0.35058117735280453,CCCCCCCCCCOS(=O)(=O)[O-].[Na+],0.0179977502812135,CCCCCCCCCCO,0.08661417322833997,CCCCCCCCCC(=O)OCC(CO)O,0.041994750656164835,8
CCCCCCCCCC(=O)O,0.14127881135309284,CCCCCCCCCC(=O)[O-],0.2873198298304473,CCCCCCCCCCN,0.27303320845766244,CCCCCCCCCC[N+](C)(C)C.[Br-],0.16508984697440054,CCCCCCCCCCOS(=O)(=O)[O-].[Na+],0.04762207124261555,CCCCCCCCCCO,0.07714775541303719,CCCCCCCCCC(=O)OCC(CO)O,0.008508476728680638,7
CCCCCCCCCC(=O)O,0.16444792482379292,CCCCCCCCCC(=O)[O-],0.10571652310100972,CCCCCCCCCCN,0.07791699295222568,CCCCCCCCCC[N+](C)(C)C.[Br-],0.34455755677366134,CCCCCCCCCCOS(=O)(=O)[O-].[Na+],0.12725137039936354,CCCCCCCCCCO,0.10336726703209839,CCCCCCCCCC(=O)OCC(CO)O,0.07674236491777002,8
CCCCCCCCCC(=O)O,0.3752306745950072,CCCCCCCCCC(=O)[O-],0.04428952224727952,CCCCCCCCCCN,0.04428952224727952,CCCCCCCCCC[N+](C)(C)C.[Br-],0.30756612671721895,CCCCCCCCCCOS(=O)(=O)[O-].[Na+],0.08406807463603984,CCCCCCCCCCO,0.0682796801312226,CCCCCCCCCC(=O)OCC(CO)O,0.07627639942587032,28
CCCCCCCCCC(=O)O,0.10265886459293652,CCCCCCCCCC(=O)[O-],0.09136638948771349,CCCCCCCCCCN,0.006775485063133789,CCCCCCCCCC[N+](C)(C)C.[Br-],0.2874448208602222,CCCCCCCCCCOS(=O)(=O)[O-].[Na+],0.35930602607527795,CCCCCCCCCCO,0.08161379735138455,CCCCCCCCCC(=O)OCC(CO)O,0.0708346165691262,4
CCCCCCCCCC(=O)O,0.6572461386788488,CCCCCCCCCC(=O)[O-],0.1196187972395505,CCCCCCCCCCN,0.007886953664146174,CCCCCCCCCC[N+](C)(C)C.[Br-],0.0,CCCCCCCCCCOS(=O)(=O)[O-].[Na+],0.147880381202741,CCCCCCCCCCO,0.014788038120274087,CCCCCCCCCC(=O)OCC(CO)O,0.0525796910943079,0
CCCCCCCCCC(=O)O,0.5615801704104475,CCCCCCCCCC(=O)[O-],0.058094500387287654,CCCCCCCCCCN,0.08830364058867725,CCCCCCCCCC[N+](C)(C)C.[Br-],0.10611928737411214,CCCCCCCCCCOS(=O)(=O)[O-].[Na+],0.1425251742834791,CCCCCCCCCCO,0.0,CCCCCCCCCC(=O)OCC(CO)O,0.04337722695584146,1
CCCCCCCCCC(=O)O,0.08189776899179481,CCCCCCCCCC(=O)[O-],0.18638802598132612,CCCCCCCCCCN,0.0045184975995472805,CCCCCCCCCC[N+](C)(C)C.[Br-],0.0,CCCCCCCCCCOS(=O)(=O)[O-].[Na+],0.5365715899462419,CCCCCCCCCCO,0.08895792149108746,CCCCCCCCCC(=O)OCC(CO)O,0.10166619598981423,0
CCCCCCCCCC(=O)O,0.33057851239665775,CCCCCCCCCC(=O)[O-],0.03801652892561564,CCCCCCCCCCN,0.17630853994488413,CCCCCCCCCC[N+](C)(C)C.[Br-],0.2947658402203531,CCCCCCCCCCOS(=O)(=O)[O-].[Na+],0.053443526170793,CCCCCCCCCCO,0.08429752066114772,CCCCCCCCCC(=O)OCC(CO)O,0.022589531680438278,0
CCCCCCCCCC(=O)O,0.1748678324521808,CCCCCCCCCC(=O)[O-],0.1148840992273048,CCCCCCCCCCN,0.16876779178524423,CCCCCCCCCC[N+](C)(C)C.[Br-],0.24400162667746156,CCCCCCCCCCOS(=O)(=O)[O-].[Na+],0.1758845058966702,CCCCCCCCCCO,0.09150061000404806,CCCCCCCCCC(=O)OCC(CO)O,0.03009353395688691,1
CCCCCCCCCC(=O)O,0.2100300042862906,CCCCCCCCCC(=O)[O-],0.07801114444919363,CCCCCCCCCCN,0.03343334762108299,CCCCCCCCCC[N+](C)(C)C.[Br-],0.1500214316330647,CCCCCCCCCCOS(=O)(=O)[O-].[Na+],0.2657522503214289,CCCCCCCCCCO,0.1993141877410717,CCCCCCCCCC(=O)OCC(CO)O,0.06343763394769592,2
CCCCCCCCCC(=O)O,0.19952494061753928,CCCCCCCCCC(=O)[O-],0.04655581947742581,CCCCCCCCCCN,0.07980997624701569,CCCCCCCCCC[N+](C)(C)C.[Br-],0.31353919239899025,CCCCCCCCCCOS(=O)(=O)[O-].[Na+],0.15961995249403144,CCCCCCCCCCO,0.14679334916861816,CCCCCCCCCC(=O)OCC(CO)O,0.05415676959618922,0
CCCCCCCCCC(=O)O,0.13540031397171598,CCCCCCCCCC(=O)[O-],0.03355572998429483,CCCCCCCCCCN,0.11773940345366606,CCCCCCCCCC[N+](C)(C)C.[Br-],0.0,CCCCCCCCCCOS(=O)(=O)[O-].[Na+],0.3434065934065261,CCCCCCCCCCO,0.29434850863416523,CCCCCCCCCC(=O)OCC(CO)O,0.0755494505494357,0
CCCCCCCCCC(=O)O,0.266721378744314,CCCCCCCCCC(=O)[O-],0.0,CCCCCCCCCCN,0.4144439885103956,CCCCCCCCCC[N+](C)(C)C.[Br-],0.020517029134177987,CCCCCCCCCCOS(=O)(=O)[O-].[Na+],0.10012310217478865,CCCCCCCCCCO,0.15387771850633503,CCCCCCCCCC(=O)OCC(CO)O,0.044316782929824466,0
CCCCCCCCCC(=O)O,0.0033870848980187772,CCCCCCCCCC(=O)[O-],0.1303291362933318,CCCCCCCCCCN,0.0,CCCCCCCCCC[N+](C)(C)C.[Br-],0.0,CCCCCCCCCCOS(=O)(=O)[O-].[Na+],0.6221927693099739,CCCCCCCCCCO,0.16015020985197548,CCCCCCCCCC(=O)OCC(CO)O,0.08394079964655267,0
CCCCCCCCCC(=O)O,0.2869238005643862,CCCCCCCCCC(=O)[O-],0.18156161806205426,CCCCCCCCCCN,0.0,CCCCCCCCCC[N+](C)(C)C.[Br-],0.0,CCCCCCCCCCOS(=O)(=O)[O-].[Na+],0.3292568203197876,CCCCCCCCCCO,0.11853245531512348,CCCCCCCCCC(=O)OCC(CO)O,0.08372530573846024,0
CCCCCCCCCC(=O)O,0.22407170294490142,CCCCCCCCCC(=O)[O-],0.2012072434607278,CCCCCCCCCCN,0.12621181635263837,CCCCCCCCCC[N+](C)(C)C.[Br-],0.0040241448692145375,CCCCCCCCCCOS(=O)(=O)[O-].[Na+],0.28351929760375283,CCCCCCCCCCO,0.12072434607643669,CCCCCCCCCC(=O)OCC(CO)O,0.04024144869214556,0
CCCCCCCCCC(=O)O,0.44512158690321496,CCCCCCCCCC(=O)[O-],0.056760470813161636,CCCCCCCCCCN,0.12547051442909415,CCCCCCCCCC[N+](C)(C)C.[Br-],0.11830077074743163,CCCCCCCCCCOS(=O)(=O)[O-].[Na+],0.12248312122840142,CCCCCCCCCCO,0.10844237318514566,CCCCCCCCCC(=O)OCC(CO)O,0.02342116269343091,1
CCCCCCCCCC(=O)O,0.14202649890379526,CCCCCCCCCC(=O)[O-],0.09722619388045045,CCCCCCCCCCN,0.01772948241349389,CCCCCCCCCC[N+](C)(C)C.[Br-],0.0,CCCCCCCCCCOS(=O)(=O)[O-].[Na+],0.5337908683632574,CCCCCCCCCCO,0.16728624535312797,CCCCCCCCCC(=O)OCC(CO)O,0.041940711085684514,0
CCCCCCCCCC(=O)O,0.596178142766804,CCCCCCCCCC(=O)[O-],0.08843967150977756,CCCCCCCCCCN,0.031269740998099926,CCCCCCCCCC[N+](C)(C)C.[Br-],0.0,CCCCCCCCCCOS(=O)(=O)[O-].[Na+],0.14213518635499964,CCCCCCCCCCO,0.130290587492083,CCCCCCCCCC(=O)OCC(CO)O,0.011686670878077732,0
CCCCCCCCCC(=O)O,0.11302073603584663,CCCCCCCCCC(=O)[O-],0.05884550719221764,CCCCCCCCCCN,0.0,CCCCCCCCCC[N+](C)(C)C.[Br-],0.0016813002054919147,CCCCCCCCCCOS(=O)(=O)[O-].[Na+],0.7005417522883055,CCCCCCCCCCO,0.05212030637024992,CCCCCCCCCC(=O)OCC(CO)O,0.0737903979077015,0
CCCCCCCCCC(=O)O,0.22056506669462864,CCCCCCCCCC(=O)[O-],0.26257746035074836,CCCCCCCCCCN,0.08087385778803047,CCCCCCCCCC[N+](C)(C)C.[Br-],0.0,CCCCCCCCCCOS(=O)(=O)[O-].[Na+],0.3518537968700029,CCCCCCCCCCO,0.01796029828799119,CCCCCCCCCC(=O)OCC(CO)O,0.06616952000838856,0
CCCCCCCCCC(=O)O,0.15510649918074165,CCCCCCCCCC(=O)[O-],0.0,CCCCCCCCCCN,0.10267613326049094,CCCCCCCCCC[N+](C)(C)C.[Br-],0.0,CCCCCCCCCCOS(=O)(=O)[O-].[Na+],0.524303659202507,CCCCCCCCCCO,0.09666848716546222,CCCCCCCCCC(=O)OCC(CO)O,0.12124522119057976,1
CCCCCCCCCC(=O)O,0.006434519303556674,CCCCCCCCCC(=O)[O-],0.15897047691140068,CCCCCCCCCCN,0.16843300529898403,CCCCCCCCCC[N+](C)(C)C.[Br-],0.0,CCCCCCCCCCOS(=O)(=O)[O-].[Na+],0.47785768357296027,CCCCCCCCCCO,0.10787282361845044,CCCCCCCCCC(=O)OCC(CO)O,0.08043149129445865,0
CCCCCCCCCC(=O)O,0.43360433604326654,CCCCCCCCCC(=O)[O-],0.016476964769644102,CCCCCCCCCCN,0.027750677506769027,CCCCCCCCCC[N+](C)(C)C.[Br-],0.24390243902433736,CCCCCCCCCCOS(=O)(=O)[O-].[Na+],0.1528455284552514,CCCCCCCCCCO,0.058211382113808476,CCCCCCCCCC(=O)OCC(CO)O,0.06720867208670628,0
CCCCCCCCCC(=O)O,0.4064018769900441,CCCCCCCCCC(=O)[O-],0.010390480978714514,CCCCCCCCCCN,0.08547008547007114,CCCCCCCCCC[N+](C)(C)C.[Br-],0.0,CCCCCCCCCCOS(=O)(=O)[O-].[Na+],0.2974694151164242,CCCCCCCCCCO,0.14580191050776842,CCCCCCCCCC(=O)OCC(CO)O,0.05446623093681002,1
CCCCCCCCCC(=O)O,0.45627376425848576,CCCCCCCCCC(=O)[O-],0.17870722433457362,CCCCCCCCCCN,0.1079847908745083,CCCCCCCCCC[N+](C)(C)C.[Br-],0.14296577946765887,CCCCCCCCCCOS(=O)(=O)[O-].[Na+],0.09049429657793301,CCCCCCCCCCO,0.0,CCCCCCCCCC(=O)OCC(CO)O,0.023574144486688414,2
CCCCCCCCCC(=O)O,0.5662650602408956,CCCCCCCCCC(=O)[O-],0.01325301204819116,CCCCCCCCCCN,0.059036144578306124,CCCCCCCCCC[N+](C)(C)C.[Br-],0.2349397590361162,CCCCCCCCCCOS(=O)(=O)[O-].[Na+],0.03915662650601935,CCCCCCCCCCO,0.059638554216860255,CCCCCCCCCC(=O)OCC(CO)O,0.027710843373490616,0
CCCCCCCCCC(=O)O,0.39204616735661885,CCCCCCCCCC(=O)[O-],0.043909170743941274,CCCCCCCCCCN,0.23522770041397123,CCCCCCCCCC[N+](C)(C)C.[Br-],0.12294567808303564,CCCCCCCCCCOS(=O)(=O)[O-].[Na+],0.09660017563667085,CCCCCCCCCCO,0.09220925856227673,CCCCCCCCCC(=O)OCC(CO)O,0.017061849203360034,6
CCCCCCCCCC(=O)O,0.17737485218759988,CCCCCCCCCC(=O)[O-],0.09131520168176437,CCCCCCCCCCN,0.07160688477203106,CCCCCCCCCC[N+](C)(C)C.[Br-],0.0067008277493093155,CCCCCCCCCCOS(=O)(=O)[O-].[Na+],0.5124162396530663,CCCCCCCCCCO,0.10248324793061327,CCCCCCCCCC(=O)OCC(CO)O,0.038102746025484406,1
CCCCCCCCCC(=O)O,0.2980046644208035,CCCCCCCCCC(=O)[O-],0.21508162736457992,CCCCCCCCCCN,0.0777403472402096,CCCCCCCCCC[N+](C)(C)C.[Br-],0.2980046644208035,CCCCCCCCCCOS(=O)(=O)[O-].[Na+],0.02746825602487405,CCCCCCCCCCO,0.06452448820937397,CCCCCCCCCC(=O)OCC(CO)O,0.019175952319251705,2
CCCCCCCCCC(=O)O,0.11564339781327632,CCCCCCCCCC(=O)[O-],0.44417577796462965,CCCCCCCCCCN,0.22077375946170932,CCCCCCCCCC[N+](C)(C)C.[Br-],0.014402859545835311,CCCCCCCCCCOS(=O)(=O)[O-].[Na+],0.05677039529015382,CCCCCCCCCCO,0.05992430613960681,CCCCCCCCCC(=O)OCC(CO)O,0.08830950378468373,2
CCCCCCCCCC(=O)O,0.34057255676205916,CCCCCCCCCC(=O)[O-],0.16781836130304362,CCCCCCCCCCN,0.06515301085882871,CCCCCCCCCC[N+](C)(C)C.[Br-],0.15547877591311401,CCCCCCCCCCOS(=O)(=O)[O-].[Na+],0.16781836130304362,CCCCCCCCCCO,0.07255676209278653,CCCCCCCCCC(=O)OCC(CO)O,0.030602171767025597,20
CCCCCCCCCC(=O)O,0.16351846630953892,CCCCCCCCCC(=O)[O-],0.05300253735550572,CCCCCCCCCCN,0.05751339159852749,CCCCCCCCCC[N+](C)(C)C.[Br-],0.4849168311248396,CCCCCCCCCCOS(=O)(=O)[O-].[Na+],0.14660276289820734,CCCCCCCCCCO,0.05666760642796089,CCCCCCCCCC(=O)OCC(CO)O,0.03777840428530728,0
CCCCCCCCCC(=O)O,0.13411908148749163,CCCCCCCCCC(=O)[O-],0.1788254419833222,CCCCCCCCCCN,0.39016460069088477,CCCCCCCCCC[N+](C)(C)C.[Br-],0.13411908148749163,CCCCCCCCCCOS(=O)(=O)[O-].[Na+],0.034952245478558415,CCCCCCCCCCO,0.1066856330014138,CCCCCCCCCC(=O)OCC(CO)O,0.021133915870756248,0
CCCCCCCCCC(=O)O,0.11995801469483883,CCCCCCCCCC(=O)[O-],0.05173189383714924,CCCCCCCCCCN,0.07872244714348796,CCCCCCCCCC[N+](C)(C)C.[Br-],0.00659769080821612,CCCCCCCCCCOS(=O)(=O)[O-].[Na+],0.4985754985754238,CCCCCCCCCCO,0.1686909581646171,CCCCCCCCCC(=O)OCC(CO)O,0.075723496776117,2
CCCCCCCCCC(=O)O,0.2733083535375557,CCCCCCCCCC(=O)[O-],0.30636984791709887,CCCCCCCCCCN,0.08816398501211475,CCCCCCCCCC[N+](C)(C)C.[Br-],0.0251267357284527,CCCCCCCCCCOS(=O)(=O)[O-].[Na+],0.12563367864226352,CCCCCCCCCCO,0.13026228785539956,CCCCCCCCCC(=O)OCC(CO)O,0.051135111307026554,2
CCCCCCCCCC(=O)O,0.18576570300706077,CCCCCCCCCC(=O)[O-],0.10391269011957462,CCCCCCCCCCN,0.4528039010797106,CCCCCCCCCC[N+](C)(C)C.[Br-],0.033670033670029756,CCCCCCCCCCOS(=O)(=O)[O-].[Na+],0.0957854406130157,CCCCCCCCCCO,0.12016718913269242,CCCCCCCCCC(=O)OCC(CO)O,0.007895042377800083,0
CCCCCCCCCC(=O)O,0.13497798820498919,CCCCCCCCCC(=O)[O-],0.2595730542403639,CCCCCCCCCCN,0.07475703962122478,CCCCCCCCCC[N+](C)(C)C.[Br-],0.1723565080156016,CCCCCCCCCCOS(=O)(=O)[O-].[Na+],0.2907218207492075,CCCCCCCCCCO,0.011961126339395957,CCCCCCCCCC(=O)OCC(CO)O,0.055652462829134004,12
CCCCCCCCCC(=O)O,0.18319646241312418,CCCCCCCCCC(=O)[O-],0.22109917877446028,CCCCCCCCCCN,0.1979364076647549,CCCCCCCCCC[N+](C)(C)C.[Br-],0.044640977047795787,CCCCCCCCCCOS(=O)(=O)[O-].[Na+],0.23162771109705357,CCCCCCCCCCO,0.06253948199620447,CCCCCCCCCC(=O)OCC(CO)O,0.05895978100652273,0
CCCCCCCCCC(=O)O,0.12321501427986564,CCCCCCCCCC(=O)[O-],0.171358629130939,CCCCCCCCCCN,0.17543859649119942,CCCCCCCCCC[N+](C)(C)C.[Br-],0.04814361485107331,CCCCCCCCCCOS(=O)(=O)[O-].[Na+],0.342717258261878,CCCCCCCCCCO,0.05997552019582864,CCCCCCCCCC(=O)OCC(CO)O,0.07915136678905277,0
CCCCCCCCCC(=O)O,0.3610108303248811,CCCCCCCCCC(=O)[O-],0.11306383147537487,CCCCCCCCCCN,0.16860395921766427,CCCCCCCCCC[N+](C)(C)C.[Br-],0.11703098345696697,CCCCCCCCCCOS(=O)(=O)[O-].[Na+],0.21025905502438133,CCCCCCCCCCO,0.017019082001030104,CCCCCCCCCC(=O)OCC(CO)O,0.013012258499622082,10
CCCCCCCCCC(=O)O,0.34605497330430324,CCCCCCCCCC(=O)[O-],0.3519873442752342,CCCCCCCCCCN,0.0929404785445843,CCCCCCCCCC[N+](C)(C)C.[Br-],0.11666996242830796,CCCCCCCCCCOS(=O)(=O)[O-].[Na+],0.08305319359303279,CCCCCCCCCCO,0.0020170061301165026,CCCCCCCCCC(=O)OCC(CO)O,0.0072770417243419195,2
CCCCCCCCCC(=O)O,0.08816661106609272,CCCCCCCCCC(=O)[O-],0.27879712147926616,CCCCCCCCCCN,0.09197922127435619,CCCCCCCCCC[N+](C)(C)C.[Br-],0.27403135871893686,CCCCCCCCCCOS(=O)(=O)[O-].[Na+],0.26449983319827813,CCCCCCCCCCO,0.000714864414049391,CCCCCCCCCC(=O)OCC(CO)O,0.0018109898489251381,3
CCCCCCCCCC(=O)O,0.4882295057148606,CCCCCCCCCC(=O)[O-],0.14684732419950847,CCCCCCCCCCN,0.05298614790703911,CCCCCCCCCC[N+](C)(C)C.[Br-],0.13095147982739672,CCCCCCCCCCOS(=O)(=O)[O-].[Na+],0.11732647036558665,CCCCCCCCCCO,0.019756263719624547,CCCCCCCCCC(=O)OCC(CO)O,0.04390280826583241,2
CCCCCCCCCC(=O)O,0.12841570852619807,CCCCCCCCCC(=O)[O-],0.06570106017619438,CCCCCCCCCCN,0.28669553531430275,CCCCCCCCCC[N+](C)(C)C.[Br-],0.17022547409286726,CCCCCCCCCCOS(=O)(=O)[O-].[Na+],0.2702702702702543,CCCCCCCCCCO,0.021950126922501305,CCCCCCCCCC(=O)OCC(CO)O,0.056741824697622414,10
CCCCCCCCCC(=O)O,0.08330013400455735,CCCCCCCCCC(=O)[O-],0.17927637535763438,CCCCCCCCCCN,0.27887436166743107,CCCCCCCCCC[N+](C)(C)C.[Br-],0.2987939589293906,CCCCCCCCCCOS(=O)(=O)[O-].[Na+],0.13400456339863576,CCCCCCCCCCO,0.02553330194487519,CCCCCCCCCC(=O)OCC(CO)O,0.00021730469740318588,0
CCCCCCCCCC(=O)O,0.01770284510010388,CCCCCCCCCC(=O)[O-],0.19810326659640057,CCCCCCCCCCN,0.20442571127500908,CCCCCCCCCC[N+](C)(C)C.[Br-],0.2845100105373838,CCCCCCCCCCOS(=O)(=O)[O-].[Na+],0.18756585879871973,CCCCCCCCCCO,0.05753424657533761,CCCCCCCCCC(=O)OCC(CO)O,0.05015806111696099,1
CCCCCCCCCC(=O)O,0.0846384538487058,CCCCCCCCCC(=O)[O-],0.026657780739749847,CCCCCCCCCCN,0.06331222925690591,CCCCCCCCCC[N+](C)(C)C.[Br-],0.0346551149616748,CCCCCCCCCCOS(=O)(=O)[O-].[Na+],0.5298233922025285,CCCCCCCCCCO,0.18893702099297716,CCCCCCCCCC(=O)OCC(CO)O,0.07197600799732462,1
CCCCCCCCCC(=O)O,0.24792622457016097,CCCCCCCCCC(=O)[O-],0.00991704898280643,CCCCCCCCCCN,0.25256035960885564,CCCCCCCCCC[N+](C)(C)C.[Br-],0.0,CCCCCCCCCCOS(=O)(=O)[O-].[Na+],0.3290235877473165,CCCCCCCCCCO,0.12998748783538347,CCCCCCCCCC(=O)OCC(CO)O,0.030585291255384346,0
CCCCCCCCCC(=O)O,0.03688860551962503,CCCCCCCCCC(=O)[O-],0.09791419983604173,CCCCCCCCCCN,0.3415611622187502,CCCCCCCCCC[N+](C)(C)C.[Br-],0.09563712542125007,CCCCCCCCCCOS(=O)(=O)[O-].[Na+],0.30057382275250016,CCCCCCCCCCO,0.10929957191000007,CCCCCCCCCC(=O)OCC(CO)O,0.01812551234174167,4
CCCCCCCCCC(=O)O,0.23597168339797342,CCCCCCCCCC(=O)[O-],0.004319481662200183,CCCCCCCCCCN,0.3859536855577022,CCCCCCCCCC[N+](C)(C)C.[Br-],0.021997360316760223,CCCCCCCCCCOS(=O)(=O)[O-].[Na+],0.2679678438587156,CCCCCCCCCCO,0.03659560852697384,CCCCCCCCCC(=O)OCC(CO)O,0.04719433667959467,6
CCCCCCCCCC(=O)O,0.013366463884840469,CCCCCCCCCC(=O)[O-],0.13966241110442298,CCCCCCCCCCN,0.2399108902407266,CCCCCCCCCC[N+](C)(C)C.[Br-],0.32130922800097317,CCCCCCCCCCOS(=O)(=O)[O-].[Na+],0.10967354982433217,CCCCCCCCCCO,0.052694713392159566,CCCCCCCCCC(=O)OCC(CO)O,0.12338274355237372,0
CCCCCCCCCC(=O)O,0.04537002603197539,CCCCCCCCCC(=O)[O-],0.1933804388248132,CCCCCCCCCCN,0.3644477500929172,CCCCCCCCCC[N+](C)(C)C.[Br-],0.05503904797321605,CCCCCCCCCCOS(=O)(=O)[O-].[Na+],0.18594272963924346,CCCCCCCCCCO,0.09259947936034324,CCCCCCCCCC(=O)OCC(CO)O,0.06322052807734276,0
CCCCCCCCCC(=O)O,0.19481531508128266,CCCCCCCCCC(=O)[O-],0.02337783780975391,CCCCCCCCCCN,0.10338199386980067,CCCCCCCCCC[N+](C)(C)C.[Br-],0.4935321315392494,CCCCCCCCCCOS(=O)(=O)[O-].[Na+],0.00280534053717046,CCCCCCCCCCO,0.11610992778844446,CCCCCCCCCC(=O)OCC(CO)O,0.06597745337419439,1
CCCCCCCCCC(=O)O,0.023854362837410364,CCCCCCCCCC(=O)[O-],0.5056845923135237,CCCCCCCCCCN,0.02399386203528994,CCCCCCCCCC[N+](C)(C)C.[Br-],0.09137197461113325,CCCCCCCCCCOS(=O)(=O)[O-].[Na+],0.20576131687239932,CCCCCCCCCCO,0.1370579619166999,CCCCCCCCCC(=O)OCC(CO)O,0.012275929413404147,0
CCCCCCCCCC(=O)O,0.25211926337324586,CCCCCCCCCC(=O)[O-],0.021192633732823547,CCCCCCCCCCN,0.0928091201402963,CCCCCCCCCC[N+](C)(C)C.[Br-],0.49693072201103533,CCCCCCCCCCOS(=O)(=O)[O-].[Na+],0.028646594562989094,CCCCCCCCCCO,0.04253142356035624,CCCCCCCCCC(=O)OCC(CO)O,0.06577024261910759,0
CCCCCCCCCC(=O)O,0.013782638932792074,CCCCCCCCCC(=O)[O-],0.35721059619392337,CCCCCCCCCCN,0.15173547448945415,CCCCCCCCCC[N+](C)(C)C.[Br-],0.2971486375418477,CCCCCCCCCCOS(=O)(=O)[O-].[Na+],0.01669090219383996,CCCCCCCCCCO,0.09578301827146793,CCCCCCCCCC(=O)OCC(CO)O,0.06764873237654832,0
CCCCCCCCCC(=O)O,0.016679113766490318,CCCCCCCCCC(=O)[O-],0.10331092855363412,CCCCCCCCCCN,0.43564849390086685,CCCCCCCCCC[N+](C)(C)C.[Br-],0.17114762260391198,CCCCCCCCCCOS(=O)(=O)[O-].[Na+],0.08215085884987774,CCCCCCCCCCO,0.10828976848392975,CCCCCCCCCC(=O)OCC(CO)O,0.0827732138411647,0
CCCCCCCCCC(=O)O,0.015639056120681512,CCCCCCCCCC(=O)[O-],0.08788319147462627,CCCCCCCCCCN,0.30793716697802126,CCCCCCCCCC[N+](C)(C)C.[Br-],0.07404331880145679,CCCCCCCCCCOS(=O)(=O)[O-].[Na+],0.2110580582658347,CCCCCCCCCCO,0.19825617604315296,CCCCCCCCCC(=O)OCC(CO)O,0.10518303231608815,0
CCCCCCCCCC(=O)O,0.010883953522575235,CCCCCCCCCC(=O)[O-],0.33828504191787934,CCCCCCCCCCN,0.2868068833651586,CCCCCCCCCC[N+](C)(C)C.[Br-],0.2463597587880209,CCCCCCCCCCOS(=O)(=O)[O-].[Na+],0.03971172231209887,CCCCCCCCCCO,0.008824827180466404,CCCCCCCCCC(=O)OCC(CO)O,0.0691278129136536,0
CCCCCCCCCC(=O)O,0.3600779462847818,CCCCCCCCCC(=O)[O-],0.13301702956873115,CCCCCCCCCCN,0.021858849445052616,CCCCCCCCCC[N+](C)(C)C.[Br-],0.28806235702782534,CCCCCCCCCCOS(=O)(=O)[O-].[Na+],0.04151486910106895,CCCCCCCCCCO,0.07243921037023256,CCCCCCCCCC(=O)OCC(CO)O,0.08302973820213792,0
CCCCCCCCCC(=O)O,0.022061358152358202,CCCCCCCCCC(=O)[O-],0.04205446397793283,CCCCCCCCCCN,0.5480868665976495,CCCCCCCCCC[N+](C)(C)C.[Br-],0.05101689072732836,CCCCCCCCCCOS(=O)(=O)[O-].[Na+],0.17580144777660453,CCCCCCCCCCO,0.05687693898654852,CCCCCCCCCC(=O)OCC(CO)O,0.10410203378144034,0
CCCCCCCCCC(=O)O,0.27229676400942826,CCCCCCCCCC(=O)[O-],0.04183109707970925,CCCCCCCCCCN,0.09707971586423092,CCCCCCCCCC[N+](C)(C)C.[Br-],0.2446724546171674,CCCCCCCCCCOS(=O)(=O)[O-].[Na+],0.08287292817678249,CCCCCCCCCCO,0.16574585635356504,CCCCCCCCCC(=O)OCC(CO)O,0.09550118389895888,0
CCCCCCCCCC(=O)O,0.00898520084566436,CCCCCCCCCC(=O)[O-],0.20260747004929477,CCCCCCCCCCN,0.042283298097244126,CCCCCCCCCC[N+](C)(C)C.[Br-],0.1761804087385172,CCCCCCCCCCOS(=O)(=O)[O-].[Na+],0.3083157152924052,CCCCCCCCCCO,0.1506342494714322,CCCCCCCCCC(=O)OCC(CO)O,0.11099365750526581,2
CCCCCCCCCC(=O)O,0.03741496598638946,CCCCCCCCCC(=O)[O-],0.17687074829929567,CCCCCCCCCCN,0.21428571428568519,CCCCCCCCCC[N+](C)(C)C.[Br-],0.24829931972785738,CCCCCCCCCCOS(=O)(=O)[O-].[Na+],0.06802721088434449,CCCCCCCCCCO,0.17346938775507845,CCCCCCCCCC(=O)OCC(CO)O,0.08163265306121338,0
CCCCCCCCCC(=O)O,0.004515764857672008,CCCCCCCCCC(=O)[O-],0.06209176679299054,CCCCCCCCCCN,0.12015160067734537,CCCCCCCCCC[N+](C)(C)C.[Br-],0.35481009595994606,CCCCCCCCCCOS(=O)(=O)[O-].[Na+],0.16530924925406576,CCCCCCCCCCO,0.18022740101601803,CCCCCCCCCC(=O)OCC(CO)O,0.11289412144180101,0
CCCCCCCCCC(=O)O,0.3602451013399285,CCCCCCCCCC(=O)[O-],0.03636118779879651,CCCCCCCCCCN,0.1750723856979092,CCCCCCCCCC[N+](C)(C)C.[Br-],0.18180593899398262,CCCCCCCCCCOS(=O)(=O)[O-].[Na+],0.01791125176755531,CCCCCCCCCCO,0.11413372836844467,CCCCCCCCCC(=O)OCC(CO)O,0.11447040603324833,0
CCCCCCCCCC(=O)O,0.346901017576254,CCCCCCCCCC(=O)[O-],0.07493061979647088,CCCCCCCCCCN,0.06845513413504743,CCCCCCCCCC[N+](C)(C)C.[Br-],0.05550416281220062,CCCCCCCCCCOS(=O)(=O)[O-].[Na+],0.2867715078630367,CCCCCCCCCCO,0.0971322849213511,CCCCCCCCCC(=O)OCC(CO)O,0.07030527289545413,0
CCCCCCCCCC(=O)O,0.012462571821637522,CCCCCCCCCC(=O)[O-],0.04450918507727691,CCCCCCCCCCN,0.007121469612364291,CCCCCCCCCC[N+](C)(C)C.[Br-],0.5826656955570798,CCCCCCCCCCOS(=O)(=O)[O-].[Na+],0.13676458687381454,CCCCCCCCCCO,0.0691915513474032,CCCCCCCCCC(=O)OCC(CO)O,0.14728493971026183,13
CCCCCCCCCC(=O)O,0.03451581975071466,CCCCCCCCCC(=O)[O-],0.021093000958770078,CCCCCCCCCCN,0.4761904761904154,CCCCCCCCCC[N+](C)(C)C.[Br-],0.08245445829337393,CCCCCCCCCCOS(=O)(=O)[O-].[Na+],0.1789709172259279,CCCCCCCCCCO,0.1562799616490692,CCCCCCCCCC(=O)OCC(CO)O,0.05049536593160108,0
CCCCCCCCCC(=O)O,0.05747572815533085,CCCCCCCCCC(=O)[O-],0.23300970873782792,CCCCCCCCCCN,0.06291262135921352,CCCCCCCCCC[N+](C)(C)C.[Br-],0.07145631067960054,CCCCCCCCCCOS(=O)(=O)[O-].[Na+],0.3067961165048067,CCCCCCCCCCO,0.2108737864077342,CCCCCCCCCC(=O)OCC(CO)O,0.05747572815533085,0
CCCCCCCCCC(=O)O,0.46003740963546225,CCCCCCCCCC(=O)[O-],0.0021232495829328927,CCCCCCCCCCN,0.16682675294472807,CCCCCCCCCC[N+](C)(C)C.[Br-],0.15924371871996773,CCCCCCCCCCOS(=O)(=O)[O-].[Na+],0.0017188210909456832,CCCCCCCCCCO,0.13270309893330642,CCCCCCCCCC(=O)OCC(CO)O,0.07734694909255574,0
CCCCCCCCCC(=O)O,0.08518021926018059,CCCCCCCCCC(=O)[O-],0.3075952362173188,CCCCCCCCCCN,0.04889975550121477,CCCCCCCCCC[N+](C)(C)C.[Br-],0.0022083760548935395,CCCCCCCCCCOS(=O)(=O)[O-].[Na+],0.46927991166488386,CCCCCCCCCCO,0.032415805662902024,CCCCCCCCCC(=O)OCC(CO)O,0.05442069563844871,0
CCCCCCCCCC(=O)O,0.009855417772241302,CCCCCCCCCC(=O)[O-],0.4169599826717477,CCCCCCCCCCN,0.21931012075591938,CCCCCCCCCC[N+](C)(C)C.[Br-],0.027616830021115767,CCCCCCCCCCOS(=O)(=O)[O-].[Na+],0.1137163589104767,CCCCCCCCCCO,0.14864352629012312,CCCCCCCCCC(=O)OCC(CO)O,0.06389776357826785,0
CCCCCCCCCC(=O)O,0.0030099876864135853,CCCCCCCCCC(=O)[O-],0.22916951703376268,CCCCCCCCCCN,0.19838555205907807,CCCCCCCCCC[N+](C)(C)C.[Br-],0.01669174989738449,CCCCCCCCCCOS(=O)(=O)[O-].[Na+],0.3523053769325007,CCCCCCCCCCO,0.14160623888354884,CCCCCCCCCC(=O)OCC(CO)O,0.05883157750717487,2
CCCCCCCCCC(=O)O,0.28054862842889594,CCCCCCCCCC(=O)[O-],0.0600770800271979,CCCCCCCCCCN,0.5384266606211132,CCCCCCCCCC[N+](C)(C)C.[Br-],0.07991385173429154,CCCCCCCCCCOS(=O)(=O)[O-].[Na+],0.011108592155972432,CCCCCCCCCCO,0.020743595556560763,CCCCCCCCCC(=O)OCC(CO)O,0.009181591475854763,0
CCCCCCCCCC(=O)O,0.018763941739926654,CCCCCCCCCC(=O)[O-],0.08266631675632033,CCCCCCCCCCN,0.255871932817182,CCCCCCCCCC[N+](C)(C)C.[Br-],0.5314263220049165,CCCCCCCCCCOS(=O)(=O)[O-].[Na+],0.03608450334601283,CCCCCCCCCCO,0.016139614223852992,CCCCCCCCCC(=O)OCC(CO)O,0.05904736911165737,2
CCCCCCCCCC(=O)O,0.4635761589403206,CCCCCCCCCC(=O)[O-],0.12168874172183416,CCCCCCCCCCN,0.04387417218542319,CCCCCCCCCC[N+](C)(C)C.[Br-],0.1266556291390519,CCCCCCCCCCOS(=O)(=O)[O-].[Na+],0.06539735099336665,CCCCCCCCCCO,0.0745033112582658,CCCCCCCCCC(=O)OCC(CO)O,0.10430463576157213,0
CCCCCCCCCC(=O)O,0.08003735076367904,CCCCCCCCCC(=O)[O-],0.013206162876007028,CCCCCCCCCCN,0.4602147668911545,CCCCCCCCCC[N+](C)(C)C.[Br-],0.035349829920624895,CCCCCCCCCCOS(=O)(=O)[O-].[Na+],0.23677716267588395,CCCCCCCCCCO,0.1490695657973522,CCCCCCCCCC(=O)OCC(CO)O,0.025345161075165032,0
CCCCCCCCCC(=O)O,0.3499052339990742,CCCCCCCCCC(=O)[O-],0.30616707974918994,CCCCCCCCCCN,0.034261554162409336,CCCCCCCCCC[N+](C)(C)C.[Br-],0.06852310832481869,CCCCCCCCCCOS(=O)(=O)[O-].[Na+],0.06633620061232447,CCCCCCCCCCO,0.1574573552995834,CCCCCCCCCC(=O)OCC(CO)O,0.017349467852454083,0
CCCCCCCCCC(=O)O,0.4952842615521898,CCCCCCCCCC(=O)[O-],0.05427050951050589,CCCCCCCCCCN,0.20812476948203718,CCCCCCCCCC[N+](C)(C)C.[Br-],0.05479740766109332,CCCCCCCCCCOS(=O)(=O)[O-].[Na+],0.017598398229620334,CCCCCCCCCCO,0.14305284788448883,CCCCCCCCCC(=O)OCC(CO)O,0.026871805679959226,0
CCCCCCCCCC(=O)O,0.3100668366291862,CCCCCCCCCC(=O)[O-],0.03789705781023386,CCCCCCCCCCN,0.2652794046716371,CCCCCCCCCC[N+](C)(C)C.[Br-],0.044098394542817596,CCCCCCCCCCOS(=O)(=O)[O-].[Na+],0.13711844553157346,CCCCCCCCCCO,0.18087232136702527,CCCCCCCCCC(=O)OCC(CO)O,0.02466753944738858,0
CCCCCCCCCC(=O)O,0.10842293906808094,CCCCCCCCCC(=O)[O-],0.17025089605731716,CCCCCCCCCCN,0.09318996415768939,CCCCCCCCCC[N+](C)(C)C.[Br-],0.2240143369175226,CCCCCCCCCCOS(=O)(=O)[O-].[Na+],0.18369175627236853,CCCCCCCCCCO,0.17204301075265735,CCCCCCCCCC(=O)OCC(CO)O,0.048387096774184866,0
CCCCCCCCCC(=O)O,0.027884669008975745,CCCCCCCCCC(=O)[O-],0.07807707322513212,CCCCCCCCCCN,0.5381741118732322,CCCCCCCCCC[N+](C)(C)C.[Br-],0.11990407673859575,CCCCCCCCCCOS(=O)(=O)[O-].[Na+],0.11711560983769818,CCCCCCCCCCO,0.1129329094863518,CCCCCCCCCC(=O)OCC(CO)O,0.00591154982990285,0
CCCCCCCCCC(=O)O,0.008256795621114355,CCCCCCCCCC(=O)[O-],0.13684015214768191,CCCCCCCCCCN,0.40820113183037315,CCCCCCCCCC[N+](C)(C)C.[Br-],0.24352908433062037,CCCCCCCCCCOS(=O)(=O)[O-].[Na+],0.04592262733091697,CCCCCCCCCCO,0.13776788199275095,CCCCCCCCCC(=O)OCC(CO)O,0.019482326746449626,0
CCCCCCCCCC(=O)O,0.22093813732151243,CCCCCCCCCC(=O)[O-],0.026852481305229974,CCCCCCCCCCN,0.009517335146157425,CCCCCCCCCC[N+](C)(C)C.[Br-],0.118116927260347,CCCCCCCCCCOS(=O)(=O)[O-].[Na+],0.3823929299795408,CCCCCCCCCCO,0.23198504418758806,CCCCCCCCCC(=O)OCC(CO)O,0.010197144799454404,0
CCCCCCCCCC(=O)O,0.023940505297471062,CCCCCCCCCC(=O)[O-],0.4380603096984068,CCCCCCCCCCN,0.30052974735123267,CCCCCCCCCC[N+](C)(C)C.[Br-],0.017420537897308738,CCCCCCCCCCOS(=O)(=O)[O-].[Na+],0.08302770986144221,CCCCCCCCCCO,0.09932762836184807,CCCCCCCCCC(=O)OCC(CO)O,0.03769356153218848,0
CCCCCCCCCC(=O)O,0.07866023851813263,CCCCCCCCCC(=O)[O-],0.08056330880486164,CCCCCCCCCCN,0.40281654402430817,CCCCCCCCCC[N+](C)(C)C.[Br-],0.24422735346355695,CCCCCCCCCCOS(=O)(=O)[O-].[Na+],0.06724181679775854,CCCCCCCCCCO,0.11037807663028287,CCCCCCCCCC(=O)OCC(CO)O,0.016112661760972313,0
CCCCCCCCCC(=O)O,0.5183220829314708,CCCCCCCCCC(=O)[O-],0.27422854387653395,CCCCCCCCCCN,0.017960462873671885,CCCCCCCCCC[N+](C)(C)C.[Br-],0.030737704918029084,CCCCCCCCCCOS(=O)(=O)[O-].[Na+],0.002049180327868606,CCCCCCCCCCO,0.1012536162005664,CCCCCCCCCC(=O)OCC(CO)O,0.05544840887173874,0
CCCCCCCCCC(=O)O,0.07224515719274811,CCCCCCCCCC(=O)[O-],0.11432200698632673,CCCCCCCCCCN,0.014766592569067186,CCCCCCCCCC[N+](C)(C)C.[Br-],0.33343918704345293,CCCCCCCCCCOS(=O)(=O)[O-].[Na+],0.14210860590661448,CCCCCCCCCCO,0.23102572245153524,CCCCCCCCCC(=O)OCC(CO)O,0.09209272785009652,0
CCCCCCCCCC(=O)O,0.5990304709140444,CCCCCCCCCC(=O)[O-],0.10872576177283812,CCCCCCCCCCN,0.07825484764541851,CCCCCCCCCC[N+](C)(C)C.[Br-],0.06232686980608553,CCCCCCCCCCOS(=O)(=O)[O-].[Na+],0.029778393351796415,CCCCCCCCCCO,0.06648199445982458,CCCCCCCCCC(=O)OCC(CO)O,0.055401662049853806,0
CCCCCCCCCC(=O)O,0.4943776657618274,CCCCCCCCCC(=O)[O-],0.12214036448233381,CCCCCCCCCCN,0.022489336952302697,CCCCCCCCCC[N+](C)(C)C.[Br-],0.19872043427681296,CCCCCCCCCCOS(=O)(=O)[O-].[Na+],0.11535478867775972,CCCCCCCCCCO,0.017448623497476244,CCCCCCCCCC(=O)OCC(CO)O,0.02946878635129324,0
CCCCCCCCCC(=O)O,0.46471486423681013,CCCCCCCCCC(=O)[O-],0.3817300670516654,CCCCCCCCCCN,0.0029210648609170786,CCCCCCCCCC[N+](C)(C)C.[Br-],0.011285932417179659,CCCCCCCCCCOS(=O)(=O)[O-].[Na+],0.021509659430389495,CCCCCCCCCCO,0.04481179047997812,CCCCCCCCCC(=O)OCC(CO)O,0.0730266215229273,0
CCCCCCCCCC(=O)O,0.23269729406286385,CCCCCCCCCC(=O)[O-],0.028588524699151827,CCCCCCCCCCN,0.5518250116347914,CCCCCCCCCC[N+](C)(C)C.[Br-],0.09440861644836188,CCCCCCCCCCOS(=O)(=O)[O-].[Na+],0.03789641646166639,CCCCCCCCCCO,0.011368924938499917,CCCCCCCCCC(=O)OCC(CO)O,0.043215211754531836,0
CCCCCCCCCC(=O)O,0.010824393544021357,CCCCCCCCCC(=O)[O-],0.26336136078087735,CCCCCCCCCCN,0.4832318546438115,CCCCCCCCCC[N+](C)(C)C.[Br-],0.1449695563931435,CCCCCCCCCCOS(=O)(=O)[O-].[Na+],0.026094520150765813,CCCCCCCCCCO,0.04349086691794303,CCCCCCCCCC(=O)OCC(CO)O,0.02802744756934106,0
CCCCCCCCCC(=O)O,0.06962110054892626,CCCCCCCCCC(=O)[O-],0.036818851251835996,CCCCCCCCCCN,0.4217432052483034,CCCCCCCCCC[N+](C)(C)C.[Br-],0.017940822064530987,CCCCCCCCCCOS(=O)(=O)[O-].[Na+],0.25103762217160913,CCCCCCCCCCO,0.15463917525771123,CCCCCCCCCC(=O)OCC(CO)O,0.048199223456948936,0
CCCCCCCCCC(=O)O,0.035204855842180846,CCCCCCCCCC(=O)[O-],0.0406676783004503,CCCCCCCCCCN,0.23975720789071445,CCCCCCCCCC[N+](C)(C)C.[Br-],0.5037936267070708,CCCCCCCCCCOS(=O)(=O)[O-].[Na+],0.035204855842180846,CCCCCCCCCCO,0.06464339908952173,CCCCCCCCCC(=O)OCC(CO)O,0.08072837632775955,7
